6.737667000000000073e+00
7.222999999999999865e+00
6.000750000000000028e+00
4.830333699999999730e+00
3.223500000000000032e+00
2.365250000000000075e+00
2.488500000000000156e+00
3.006667000000000201e+00
3.539083499999999827e+00
4.069583399999999962e+00
5.084333400000000225e+00
7.868083999999999634e+00
5.085083499999999646e+00
5.628250000000000419e+00
7.646749999999999936e+00
3.969583500000000154e+00
2.905917000000000083e+00
3.023500400000000088e+00
2.910416800000000137e+00
2.415249999999999897e+00
4.347916999999999810e+00
6.617750599999999928e+00
4.219000300000000259e+00
5.870083300000000115e+00
6.102333500000000299e+00
4.964333500000000399e+00
4.747749999999999915e+00
4.485250500000000251e+00
4.269917000000000407e+00
2.129500199999999843e+00
2.552750300000000028e+00
1.799916700000000036e+00
4.154833299999999952e+00
4.631250399999999878e+00
2.942416999999999838e+00
6.384250599999999665e+00
4.802583699999999567e+00
5.093917000000000250e+00
6.957666999999999824e+00
2.512333400000000161e+00
2.883083300000000015e+00
2.661500199999999872e+00
1.917500100000000041e+00
2.809250000000000025e+00
4.301666700000000176e+00
7.330000400000000305e+00
4.951333499999999610e+00
9.049001000000000516e+00
4.614000299999999832e+00
5.887916599999999612e+00
4.570083600000000246e+00
4.491750200000000248e+00
5.186666999999999916e+00
2.774166800000000155e+00
1.828666700000000089e+00
2.087499999999999911e+00
6.175333499999999809e+00
6.082334000000000351e+00
6.767667300000000274e+00
5.690916500000000156e+00
7.693334000000000117e+00
6.856000400000000106e+00
5.880583299999999625e+00
3.745249999999999968e+00
3.983833300000000133e+00
4.312667000000000250e+00
1.901333500000000010e+00
2.164833300000000182e+00
3.914166699999999999e+00
5.843750000000000000e+00
6.074583500000000136e+00
6.554083300000000278e+00
5.984416999999999653e+00
4.667666999999999788e+00
6.275083999999999662e+00
5.600500000000000256e+00
3.385666800000000087e+00
3.576750500000000166e+00
2.750000000000000000e+00
3.537999999999999812e+00
2.570749999999999869e+00
4.280166999999999611e+00
4.183916599999999875e+00
6.212750999999999912e+00
8.268250000000000099e+00
3.337416999999999856e+00
7.590666299999999644e+00
4.112416699999999814e+00
2.874083300000000119e+00
2.279666999999999888e+00
2.776000300000000198e+00
2.562500000000000000e+00
1.819166800000000084e+00
4.872666999999999859e+00
8.672501000000000460e+00
5.899749800000000377e+00
3.724750300000000180e+00
4.214583400000000424e+00
5.146583599999999592e+00
2.939083300000000065e+00
2.474583400000000211e+00
2.431166999999999856e+00
2.927916800000000208e+00
2.324916599999999889e+00
3.581083500000000086e+00
6.125750000000000028e+00
5.965666299999999644e+00
4.032416999999999696e+00
8.807667000000000357e+00
7.504166999999999810e+00
6.298083000000000098e+00
2.652666799999999991e+00
3.938750300000000149e+00
1.952499999999999902e+00
4.456500499999999754e+00
2.837833400000000061e+00
3.698833500000000107e+00
4.770000500000000088e+00
3.352250300000000127e+00
4.890583499999999972e+00
4.318083999999999811e+00
1.052549999999999919e+01
6.116333499999999646e+00
8.422083999999999904e+00
2.588166999999999884e+00
2.266416800000000009e+00
2.110166800000000009e+00
2.767416700000000063e+00
3.958250000000000046e+00
4.876333699999999993e+00
7.295749999999999957e+00
5.877917000000000058e+00
7.067499599999999660e+00
9.963668000000000191e+00
4.654416999999999582e+00
4.542583500000000107e+00
1.557416799999999935e+00
3.270417000000000129e+00
2.725166999999999895e+00
1.986083499999999891e+00
2.313166900000000137e+00
5.491500399999999615e+00
5.007250299999999932e+00
5.851083299999999987e+00
5.790667000000000009e+00
4.708249999999999602e+00
4.452250000000000263e+00
6.620917000000000385e+00
3.128166999999999920e+00
3.453583500000000139e+00
3.129250299999999818e+00
2.412333299999999792e+00
6.021749999999999936e+00
4.301999999999999602e+00
6.679001000000000410e+00
6.466083499999999873e+00
4.189083600000000018e+00
5.085000499999999590e+00
4.845666999999999724e+00
5.235916999999999710e+00
2.475583299999999820e+00
2.765250200000000103e+00
2.799083500000000058e+00
3.978750199999999904e+00
3.111833600000000200e+00
4.744583600000000345e+00
4.812250599999999601e+00
5.910249999999999559e+00
5.191666999999999810e+00
5.162083599999999883e+00
3.607416900000000037e+00
4.073750000000000426e+00
1.805166700000000013e+00
2.480166699999999835e+00
2.343916699999999853e+00
2.007000199999999790e+00
7.603000599999999665e+00
6.253999999999999559e+00
3.370416899999999938e+00
6.725416700000000247e+00
5.992250000000000298e+00
7.211000399999999644e+00
4.812750300000000259e+00
6.743583700000000292e+00
3.508000099999999843e+00
3.680666700000000180e+00
1.848083499999999990e+00
2.808333600000000096e+00
5.861166500000000390e+00
5.360416400000000081e+00
3.910416800000000137e+00
6.094583499999999709e+00
5.767416500000000390e+00
6.969500000000000028e+00
6.975167800000000362e+00
2.311083599999999905e+00
3.000916699999999881e+00
1.950499999999999901e+00
2.063666599999999907e+00
1.820916800000000002e+00
5.353417000000000314e+00
3.054166799999999959e+00
3.439666700000000077e+00
4.390333000000000041e+00
6.090417399999999759e+00
7.188583999999999641e+00
3.832917000000000129e+00
2.898333500000000118e+00
4.389667000000000208e+00
2.463499999999999801e+00
2.200666700000000198e+00
3.353250300000000017e+00
3.118166700000000180e+00
3.821000300000000127e+00
7.646500999999999770e+00
3.739832999999999963e+00
2.922666800000000009e+00
5.644333399999999834e+00
3.622666600000000070e+00
3.210833500000000118e+00
4.934083499999999844e+00
3.334250200000000053e+00
2.042333399999999966e+00
3.989917000000000158e+00
2.247166599999999903e+00
3.673583300000000218e+00
6.568833999999999840e+00
5.509332999999999814e+00
6.799750000000000405e+00
4.009083300000000349e+00
4.465250000000000163e+00
5.621917200000000392e+00
2.377250000000000085e+00
3.563666599999999907e+00
2.366999900000000157e+00
2.217333599999999905e+00
4.650333999999999968e+00
4.693332999999999977e+00
5.377000299999999733e+00
5.603749999999999787e+00
5.823999999999999844e+00
4.801416999999999824e+00
6.476333600000000246e+00
4.219416999999999973e+00
2.366833399999999976e+00
3.550333300000000136e+00
1.936250100000000085e+00
2.538333399999999962e+00
5.239500500000000116e+00
5.282250000000000334e+00
3.683083499999999955e+00
7.197499999999999787e+00
4.929499999999999993e+00
5.877417000000000336e+00
4.839332999999999885e+00
4.324750400000000106e+00
2.393333399999999944e+00
2.344333400000000012e+00
3.190500300000000067e+00
1.770750000000000046e+00
5.075834000000000401e+00
6.370416999999999774e+00
9.321668000000000731e+00
4.296750499999999917e+00
6.120416999999999774e+00
5.731917000000000151e+00
5.317333699999999830e+00
6.161250599999999800e+00
2.929833700000000096e+00
3.487167100000000186e+00
4.909083400000000097e+00
2.370833399999999980e+00
2.367083500000000118e+00
4.957333600000000118e+00
4.622417000000000442e+00
2.987833699999999926e+00
5.852833999999999648e+00
6.507667500000000160e+00
3.799500200000000216e+00
3.420083299999999937e+00
3.950500200000000017e+00
3.850750000000000117e+00
3.076416699999999782e+00
2.304833400000000143e+00
1.715750099999999945e+00
4.127250000000000085e+00
6.514667499999999833e+00
5.971333999999999698e+00
7.128250000000000419e+00
5.935083999999999804e+00
5.269917000000000407e+00
2.653666700000000045e+00
2.486833299999999802e+00
2.027000199999999808e+00
2.891750299999999996e+00
1.595916700000000077e+00
3.604249999999999954e+00
5.855000999999999678e+00
5.883750400000000269e+00
5.167583500000000107e+00
5.101834000000000202e+00
4.056000000000000050e+00
5.249334000000000167e+00
5.927249999999999908e+00
5.180750399999999978e+00
2.305416800000000155e+00
3.276583399999999813e+00
2.885749999999999815e+00
3.283666600000000102e+00
4.720000299999999704e+00
3.476583499999999827e+00
5.916083999999999676e+00
6.711416700000000013e+00
4.184333299999999589e+00
2.789667000000000119e+00
3.969666699999999881e+00
2.470416800000000190e+00
1.769916899999999904e+00
2.157416599999999907e+00
2.357000000000000206e+00
3.458666800000000041e+00
3.818249999999999922e+00
4.252832999999999863e+00
5.316333300000000150e+00
5.632417000000000229e+00
6.967666999999999611e+00
5.720834299999999928e+00
2.496583499999999844e+00
4.656166599999999711e+00
2.091583500000000040e+00
1.818250099999999980e+00
2.314750000000000085e+00
3.090333199999999891e+00
3.563000399999999956e+00
5.072583700000000029e+00
7.202333999999999570e+00
4.503917000000000392e+00
6.450249999999999595e+00
6.456500499999999754e+00
2.713833600000000068e+00
4.236083500000000335e+00
2.883666999999999980e+00
2.744917000000000051e+00
3.464750299999999950e+00
3.224333500000000186e+00
2.811333400000000093e+00
2.343249999999999833e+00
7.811250000000000249e+00
6.684917399999999787e+00
4.436583500000000235e+00
6.797416700000000311e+00
4.469333599999999684e+00
2.362166600000000116e+00
1.872250100000000028e+00
2.793666800000000006e+00
3.737250299999999914e+00
3.811667200000000033e+00
4.626833399999999763e+00
5.633833400000000324e+00
6.694750299999999932e+00
8.542833999999999151e+00
5.920250000000000234e+00
7.451999700000000004e+00
4.090583999999999776e+00
3.435833699999999880e+00
1.933333399999999980e+00
2.923000299999999996e+00
2.425166799999999956e+00
2.767000200000000021e+00
4.071000599999999636e+00
7.399917000000000300e+00
5.200416999999999845e+00
4.204749999999999766e+00
5.892416500000000390e+00
5.131999999999999673e+00
4.568416599999999939e+00
2.923999999999999932e+00
2.674583399999999944e+00
3.425083400000000111e+00
2.310833500000000207e+00
2.766667099999999824e+00
4.512500300000000131e+00
8.692999999999999616e+00
2.956249999999999822e+00
3.187416999999999945e+00
5.517249999999999766e+00
2.834166800000000208e+00
2.524083399999999866e+00
2.823500000000000121e+00
3.462416999999999856e+00
3.526916700000000127e+00
3.693583499999999908e+00
3.172499999999999876e+00
3.631000300000000180e+00
3.482167000000000012e+00
7.446500300000000294e+00
5.290834000000000259e+00
3.585666999999999938e+00
3.550999899999999876e+00
5.933084000000000024e+00
2.606166800000000006e+00
2.803500200000000220e+00
2.518583500000000086e+00
2.889916700000000116e+00
4.343250300000000230e+00
3.478166600000000219e+00
4.300666999999999796e+00
5.618000000000000327e+00
5.800750700000000037e+00
6.769666700000000148e+00
4.474916999999999589e+00
3.672500400000000109e+00
4.246249999999999858e+00
3.416666999999999899e+00
2.238500000000000156e+00
2.111083499999999891e+00
2.967166999999999888e+00
5.871583499999999844e+00
5.633333699999999666e+00
6.119500600000000290e+00
7.031583999999999612e+00
7.644750600000000063e+00
8.321666999999999703e+00
4.717166999999999888e+00
3.386916900000000119e+00
2.249000000000000110e+00
2.158000200000000035e+00
2.619666800000000073e+00
2.204250000000000043e+00
3.649417000000000133e+00
5.855083500000000107e+00
5.225833999999999868e+00
6.560916999999999888e+00
7.593250300000000230e+00
4.723500300000000429e+00
3.519833600000000118e+00
4.379667000000000421e+00
2.654749999999999943e+00
2.600999999999999979e+00
4.115916999999999604e+00
4.042333600000000082e+00
3.707833500000000004e+00
4.434917000000000442e+00
4.518250000000000099e+00
6.379333500000000434e+00
7.169833999999999818e+00
5.325916999999999568e+00
3.504833500000000157e+00
3.091250200000000170e+00
2.757833499999999827e+00
2.238417000000000101e+00
3.140499999999999847e+00
4.097333400000000125e+00
2.487750000000000128e+00
4.883917000000000286e+00
4.439167000000000307e+00
5.657750599999999963e+00
7.612250000000000405e+00
5.054250200000000248e+00
4.112084000000000295e+00
3.995749700000000182e+00
4.617167000000000243e+00
2.886833399999999994e+00
2.217083500000000207e+00
3.788250000000000117e+00
4.997417000000000442e+00
4.246416599999999875e+00
7.127166700000000077e+00
7.206166999999999767e+00
4.331416599999999839e+00
6.714249999999999829e+00
4.137000600000000361e+00
3.340500599999999931e+00
2.421833299999999856e+00
2.367750200000000138e+00
2.163750199999999957e+00
2.315166699999999800e+00
3.356916700000000198e+00
4.281417000000000250e+00
5.029666999999999888e+00
